10 2 3
1 1 M C 1
2 1 M O 2
3 1 M C 2
4 1 M O 3
5 1 M O 3
6 1 R O 3
7 1 M O 3
8 1 M O 3
9 1 M O 3
10 1 M C 3
1 0 
2 1 1 
3 1 2 
4 1 3 
5 1 3 
6 1 3 
7 1 3 
8 1 3 
9 1 3 
10 6 4 5 6 7 8 9 
0 15 4 8 14 5 2 8 10 3 2 
15 0 18 9 1 11 13 14 5 12 13 
4 18 0 12 17 8 6 12 13 6 6 
8 9 12 0 7 4 7 5 7 8 7 
14 1 17 7 0 9 12 12 4 11 12 
5 11 8 4 9 0 3 6 6 4 3 
2 13 6 7 12 3 0 7 8 2 1 
8 14 12 5 12 6 7 0 11 9 7 
10 5 13 7 4 6 8 11 0 7 9 
3 12 6 8 11 4 2 9 7 0 3 
2 13 6 7 12 3 1 7 9 3 0 
0 15 4 8 14 5 2 8 10 3 2 
15 0 18 9 1 11 13 14 5 12 13 
4 18 0 12 17 8 6 12 13 6 6 
8 9 12 0 7 4 7 5 7 8 7 
14 1 17 7 0 9 12 12 4 11 12 
5 11 8 4 9 0 3 6 6 4 3 
2 13 6 7 12 3 0 7 8 2 1 
8 14 12 5 12 6 7 0 11 9 7 
10 5 13 7 4 6 8 11 0 7 9 
3 12 6 8 11 4 2 9 7 0 3 
2 13 6 7 12 3 1 7 9 3 0 
